Hash Table Stats
================
Number of Entries: 22687
Number of Buckets: 32768
Histogram of Probes: 
[14775, 3432, 1539, 843, 515, 328, 254, 180, 139, 81, 68, 66, 37, 39, 31, 38, 32, 30, 27, 17, 11, 
9, 9, 6, 9, 10, 7, 6, 4, 5, 9, 5, 3, 3, 4, 3, 1, 1, 7, 5, 2, 
2, 1, 0, 0, 1, 0, 2, 0, 0, 1, 0, 1, 0, 1, 0, 1, 0, 0, 4, 0, 
0, 1, 2, 1, 2, 0, 0, 2, 0, 0, 1, 2, 1, 1, 0, 2, 0, 1, 1, 3, 
0, 2, 0, 0, 1, 0, 0, 2, 1, 0, 0, 0, 1, 0, 1, 0, 0, 0, 0, 0, 
0, 0, 0, 1, 0, 2, 0, 0, 1, 1, 1, 2, 1, 3, 0, 0, 0, 0, 0, 1, 
0, 0, 0, 0, 0, 0, 0, 0, 0, 0, 0, 0, 0, 0, 2, 2, 0, 3, 0, 0, 
0, 0, 0, 0, 1, 0, 0, 0, 1, 0, 0, 0, 0, 1, 0, 0, 0, 0, 0, 0, 
1, 0, 0, 0, 1, 0, 0, 1, 0, 1, 0, 0, 0, 0, 1, 0, 0, 0, 0, 0, 
0, 0, 0, 0, 0, 0, 0, 1, 0, 0, 0, 0, 0, 0, 0, 0, 0, 0, 0, 0, 
0, 0, 0, 0, 1, 0, 1, 0, 0, 0, 0, 0, 0, 0, 0, 0, 0, 0, 0, 0, 
0, 0, 0, 0, 0, 1, 2, 0, 0, 0, 0, 0, 0, 1, 1, 0, 0, 0, 0, 0, 
0, 1, 0, 0, 0, 1, 0, 0, 1, 0, 0, 0, 1, 0, 0, 0, 0, 1, 2, 0, 
0, 0, 0, 0, 1, 0, 0, 0, 0, 0, 0, 0, 0, 0, 1, 0, 0, 0, 0, 0, 
0, 0, 0, 0, 0, 0, 0, 0, 1, 0, 0, 0, 0, 0, 1, 0, 0, 0, 0, 0, 
0, 0, 0, 1, 0, 1, 0, 0, 0, 0, 0, 0, 0, 0, 0, 0, 0, 0, 0, 0, 
0, 0, 0, 0, 0, 0, 0, 0, 0, 0, 0, 0, 0, 0, 0, 0, 0, 0, 0, 0, 
1, 0, 0, 0, 0, 1, 0, 0, 0, 0, 0, 0, 0, 0, 0, 0, 0, 0, 0, 1, 
0, 0, 0, 0, 0, 0, 0, 0, 0, 0, 0, 0, 0, 0, 0, 0, 0, 0, 0, 0, 
0, 0, 1, 0, 0, 0, 0, 0, 0, 0, 0, 1, 0, 0, 0, 0, 1, ]
Fill Percentage: 69.23523%
Max Linear Probe: 397
Average Linear Probe: 1.7561158

